
[1mRooFit v3.60 -- Developed by Wouter Verkerke and David Kirkby[0m 
                Copyright (C) 2000-2013 NIKHEF, University of California & Stanford University
                All rights reserved, please read http://roofit.sourceforge.net/license.txt

Info in <TMacOSXSystem::ACLiC>: creating shared library /Volumes/Samsung_T3/2018_HLT_Performances/PixelMatchStudy/eff/./pureHLTTnP_C.so
In file included from /Volumes/Samsung_T3/2018_HLT_Performances/PixelMatchStudy/eff/pureHLTTnP_C_ACLiC_dict.cxx:40:
/Volumes/Samsung_T3/2018_HLT_Performances/PixelMatchStudy/eff/./pureHLTTnP.C:118:40: warning: unused parameter 'title' [-Wunused-parameter]
TH1* MakePassHist(TTree* tree, TString title, TString xTitle, int nrBins,float xMin,float xMax,const TString& var,const TString& sampleCuts, TString& cuts){
                                       ^
/Volumes/Samsung_T3/2018_HLT_Performances/PixelMatchStudy/eff/./pureHLTTnP.C:118:55: warning: unused parameter 'xTitle' [-Wunused-parameter]
TH1* MakePassHist(TTree* tree, TString title, TString xTitle, int nrBins,float xMin,float xMax,const TString& var,const TString& sampleCuts, TString& cuts){
                                                      ^
/Volumes/Samsung_T3/2018_HLT_Performances/PixelMatchStudy/eff/./pureHLTTnP.C:130:40: warning: unused parameter 'title' [-Wunused-parameter]
TH1* MakeFailHist(TTree* tree, TString title, TString xTitle, int nrBins,float xMin,float xMax,const TString& var,const TString& sampleCuts, TString& cuts){
                                       ^
/Volumes/Samsung_T3/2018_HLT_Performances/PixelMatchStudy/eff/./pureHLTTnP.C:130:55: warning: unused parameter 'xTitle' [-Wunused-parameter]
TH1* MakeFailHist(TTree* tree, TString title, TString xTitle, int nrBins,float xMin,float xMax,const TString& var,const TString& sampleCuts, TString& cuts){
                                                      ^
4 warnings generated.
[#1] INFO:DataHandling -- RooDataHist::adjustBinning(dsDataP): fit range of variable massP expanded to nearest bin boundaries: [60,120] --> [60,120]
[#1] INFO:DataHandling -- RooDataHist::adjustBinning(dsDataF): fit range of variable massF expanded to nearest bin boundaries: [60,120] --> [60,120]
[#1] INFO:Minization -- p.d.f. provides expected number of events, including extended term in likelihood.
[#1] INFO:Eval -- RooRealVar::setRange(massP) new range named 'refrange_fft_BWxCBDataP' created with bounds [60,120]
[#1] INFO:Caching -- RooAbsCachedPdf::getCache(BWxCBDataP) creating new cache 0x7fda601c41e0 with pdf bwP_CONV_cbDataP_CACHE_Obs[massP] for nset (massP) with code 0
[#1] INFO:NumericIntegration -- RooRealIntegral::init(bgP_Int[massP]) using numeric integrator RooIntegrator1D to calculate Int(massP)
[#1] INFO:Minization -- RooMinimizer::optimizeConst: activating const optimization
[#1] INFO:Caching -- RooAbsCachedPdf::getCache(BWxCBDataP) creating new cache 0x7fda602ab990 with pdf bwP_CONV_cbDataP_CACHE_Obs[massP] for nset (massP) with code 0 from preexisting content.
[#1] INFO:NumericIntegration -- RooRealIntegral::init(bgP_Int[massP]) using numeric integrator RooIntegrator1D to calculate Int(massP)
[#1] INFO:Minization --  The following expressions have been identified as constant and will be precalculated and cached: (bwP)
[#1] INFO:Minization --  The following expressions will be evaluated in cache-and-track mode: (BWxCBDataP,bgP)
 **********
 **    1 **SET PRINT           1
 **********
 **********
 **    2 **SET NOGRAD
 **********
 PARAMETER DEFINITIONS:
    NO.   NAME         VALUE      STEP SIZE      LIMITS
     1 alphacmsP    6.00000e+01  3.00000e+00    5.00000e+01  8.00000e+01
     2 betacmsP     5.00000e-02  1.90000e-02    1.00000e-02  2.00000e-01
     3 cbAlphaDataP   1.00000e+00  4.50000e-01    1.00000e-01  5.00000e+01
     4 cbMeanDataP  -1.00000e+00  8.00000e-01   -4.00000e+00  4.00000e+00
     5 cbNDataP     2.00000e+00  9.00000e-01    2.00000e-01  5.00000e+01
     6 cbSigmaDataP   2.00000e+00  3.50000e-01    5.00000e-01  4.00000e+00
     7 gammacmsP    1.00000e-01  5.00000e-02    0.00000e+00  1.00000e+00
     8 nbkgP        1.00000e+01  5.00000e+00    0.00000e+00  1.00000e+05
     9 nsigP        1.00000e+01  5.00000e+00    0.00000e+00  1.00000e+05
 **********
 **    3 **SET ERR         0.5
 **********
 **********
 **    4 **SET PRINT           1
 **********
 **********
 **    5 **SET STR           1
 **********
 NOW USING STRATEGY  1: TRY TO BALANCE SPEED AGAINST RELIABILITY
 **********
 **    6 **MIGRAD        4500           1
 **********
 FIRST CALL TO USER FUNCTION AT NEW START POINT, WITH IFLAG=4.
 START MIGRAD MINIMIZATION.  STRATEGY  1.  CONVERGENCE WHEN EDM .LT. 1.00e-03
 FCN=-121137 FROM MIGRAD    STATUS=INITIATE      230 CALLS         231 TOTAL
                     EDM= unknown      STRATEGY= 1      NO ERROR MATRIX       
  EXT PARAMETER               CURRENT GUESS       STEP         FIRST   
  NO.   NAME      VALUE            ERROR          SIZE      DERIVATIVE 
   1  alphacmsP    7.99118e+01   3.00000e+00   0.00000e+00  -1.72779e+03
   2  betacmsP     1.35726e-01   1.90000e-02   0.00000e+00  -5.85461e+03
   3  cbAlphaDataP   1.00000e+00   4.50000e-01   0.00000e+00   8.87058e+03
   4  cbMeanDataP  -1.00000e+00   8.00000e-01   0.00000e+00   1.48062e+04
   5  cbNDataP     2.00000e+00   9.00000e-01   0.00000e+00  -4.89084e+03
   6  cbSigmaDataP   6.04123e-01   3.50000e-01  -3.44603e-01   3.64299e+01
   7  gammacmsP    1.00000e-01   5.00000e-02   0.00000e+00   4.74992e+03
   8  nbkgP        1.00130e+02   5.00000e+00   0.00000e+00  -8.34985e+05
   9  nsigP        8.38602e+01   5.00000e+00   0.00000e+00  -1.06535e+06
                               ERR DEF= 0.5
 MIGRAD MINIMIZATION HAS CONVERGED.
 MIGRAD WILL VERIFY CONVERGENCE AND ERROR MATRIX.
 MINUIT WARNING IN HESSE
 ============== Second derivative enters zero, param 5
 MINUIT WARNING IN HESSE
 ============== Second derivative zero for parameter5
  MNHESS FAILS AND WILL RETURN DIAGONAL MATRIX. 
 FCN=-404788 FROM MIGRAD    STATUS=CONVERGED     959 CALLS         960 TOTAL
                     EDM=5.46301e-06    STRATEGY= 1  ERROR MATRIX UNCERTAINTY 100.0 per cent
  EXT PARAMETER                APPROXIMATE        STEP         FIRST   
  NO.   NAME      VALUE            ERROR          SIZE      DERIVATIVE 
   1  alphacmsP    8.00000e+01   2.86558e-02   2.71475e-02** at limit **
   2  betacmsP     2.00000e-01   5.91265e-04   4.90280e-02** at limit **
   3  cbAlphaDataP   1.61650e+01   3.88096e+01   5.00000e-01  -7.51286e-07
   4  cbMeanDataP  -3.02884e+00   1.51825e-02   2.55314e-03   4.39455e-02
   5  cbNDataP     6.54177e+00   1.27155e+00   1.59772e-05   0.00000e+00
   6  cbSigmaDataP   2.05837e+00   1.68155e-02  -2.86128e-05   7.43760e-02
   7  gammacmsP    1.16774e-01   3.51013e-03   1.71150e-04  -1.33472e-01
   8  nbkgP        4.47902e+03   1.59130e+02  -2.45694e-04   9.17026e-02
   9  nsigP        5.30040e+04   2.38675e+02   1.55675e-04  -7.68308e-02
                               ERR DEF= 0.5
 EXTERNAL ERROR MATRIX.    NDIM=  25    NPAR=  9    ERR DEF=0.5
  4.525e-09  0.000e+00  0.000e+00  0.000e+00  0.000e+00  0.000e+00  0.000e+00  0.000e+00  0.000e+00 
  0.000e+00  8.963e-13  0.000e+00  0.000e+00  0.000e+00  0.000e+00  0.000e+00  0.000e+00  0.000e+00 
  0.000e+00  0.000e+00  1.809e+08  0.000e+00  0.000e+00  0.000e+00  0.000e+00  0.000e+00  0.000e+00 
  0.000e+00  0.000e+00  0.000e+00  2.305e-04  0.000e+00  0.000e+00  0.000e+00  0.000e+00  0.000e+00 
  0.000e+00  0.000e+00  0.000e+00  0.000e+00  1.620e+00  0.000e+00  0.000e+00  0.000e+00  0.000e+00 
  0.000e+00  0.000e+00  0.000e+00  0.000e+00  0.000e+00  2.828e-04  0.000e+00  0.000e+00  0.000e+00 
  0.000e+00  0.000e+00  0.000e+00  0.000e+00  0.000e+00  0.000e+00  1.232e-05  0.000e+00  0.000e+00 
  0.000e+00  0.000e+00  0.000e+00  0.000e+00  0.000e+00  0.000e+00  0.000e+00  2.532e+04  0.000e+00 
  0.000e+00  0.000e+00  0.000e+00  0.000e+00  0.000e+00  0.000e+00  0.000e+00  0.000e+00  5.697e+04 
ERR MATRIX APPROXIMATE
 PARAMETER  CORRELATION COEFFICIENTS  
       NO.  GLOBAL      1      2      3      4      5      6      7      8      9
        1  0.00000   1.000  0.000  0.000  0.000  0.000  0.000  0.000  0.000  0.000
        2  0.00000   0.000  1.000  0.000  0.000  0.000  0.000  0.000  0.000  0.000
        3  0.00000   0.000  0.000  1.000  0.000  0.000  0.000  0.000  0.000  0.000
        4  0.00000   0.000  0.000  0.000  1.000  0.000  0.000  0.000  0.000  0.000
        5  0.00000   0.000  0.000  0.000  0.000  1.000  0.000  0.000  0.000  0.000
        6  0.00000   0.000  0.000  0.000  0.000  0.000  1.000  0.000  0.000  0.000
        7  0.00000   0.000  0.000  0.000  0.000  0.000  0.000  1.000  0.000  0.000
        8  0.00000   0.000  0.000  0.000  0.000  0.000  0.000  0.000  1.000  0.000
        9  0.00000   0.000  0.000  0.000  0.000  0.000  0.000  0.000  0.000  1.000
 ERR MATRIX APPROXIMATE
 **********
 **    7 **HESSE        4500
 **********
 MINUIT WARNING IN HESSE
 ============== Second derivative zero for parameter5
  MNHESS FAILS AND WILL RETURN DIAGONAL MATRIX. 
 FCN=-404788 FROM HESSE     STATUS=FAILED         11 CALLS         971 TOTAL
                     EDM=5.46301e-06    STRATEGY= 1  ERROR MATRIX UNCERTAINTY 100.0 per cent
  EXT PARAMETER                APPROXIMATE     INTERNAL      INTERNAL  
  NO.   NAME      VALUE            ERROR       STEP SIZE       VALUE   
   1  alphacmsP    8.00000e+01   2.86558e-02   2.71475e-02   1.57087e+00
                                 WARNING -   - ABOVE PARAMETER IS AT LIMIT.
   2  betacmsP     2.00000e-01   5.91265e-04   4.90280e-02   1.57071e+00
                                 WARNING -   - ABOVE PARAMETER IS AT LIMIT.
   3  cbAlphaDataP   1.61650e+01   3.88096e+01   5.00000e-01  -3.64104e-01
   4  cbMeanDataP  -3.02884e+00   1.51825e-02   2.55314e-03  -8.59030e-01
   5  cbNDataP     8.54550e-01   5.74174e+00   1.59772e-05  -8.41000e-01
   6  cbSigmaDataP   2.05837e+00   1.68155e-02  -2.86128e-05  -1.09721e-01
   7  gammacmsP    1.16774e-01   3.51013e-03   1.71150e-04  -8.73298e-01
   8  nbkgP        4.47902e+03   1.59130e+02  -2.45694e-04  -1.14430e+00
   9  nsigP        5.30040e+04   2.38675e+02   1.55675e-04   6.01154e-02
                               ERR DEF= 0.5
 EXTERNAL ERROR MATRIX.    NDIM=  25    NPAR=  9    ERR DEF=0.5
  4.525e-09  0.000e+00  0.000e+00  0.000e+00  0.000e+00  0.000e+00  0.000e+00  0.000e+00  0.000e+00 
  0.000e+00  8.963e-13  0.000e+00  0.000e+00  0.000e+00  0.000e+00  0.000e+00  0.000e+00  0.000e+00 
  0.000e+00  0.000e+00  1.809e+08  0.000e+00  0.000e+00  0.000e+00  0.000e+00  0.000e+00  0.000e+00 
  0.000e+00  0.000e+00  0.000e+00  2.305e-04  0.000e+00  0.000e+00  0.000e+00  0.000e+00  0.000e+00 
  0.000e+00  0.000e+00  0.000e+00  0.000e+00  1.620e+00  0.000e+00  0.000e+00  0.000e+00  0.000e+00 
  0.000e+00  0.000e+00  0.000e+00  0.000e+00  0.000e+00  2.828e-04  0.000e+00  0.000e+00  0.000e+00 
  0.000e+00  0.000e+00  0.000e+00  0.000e+00  0.000e+00  0.000e+00  1.232e-05  0.000e+00  0.000e+00 
  0.000e+00  0.000e+00  0.000e+00  0.000e+00  0.000e+00  0.000e+00  0.000e+00  2.532e+04  0.000e+00 
  0.000e+00  0.000e+00  0.000e+00  0.000e+00  0.000e+00  0.000e+00  0.000e+00  0.000e+00  5.697e+04 
ERR MATRIX APPROXIMATE
 PARAMETER  CORRELATION COEFFICIENTS  
       NO.  GLOBAL      1      2      3      4      5      6      7      8      9
        1  0.00000   1.000  0.000  0.000  0.000  0.000  0.000  0.000  0.000  0.000
        2  0.00000   0.000  1.000  0.000  0.000  0.000  0.000  0.000  0.000  0.000
        3  0.00000   0.000  0.000  1.000  0.000  0.000  0.000  0.000  0.000  0.000
        4  0.00000   0.000  0.000  0.000  1.000  0.000  0.000  0.000  0.000  0.000
        5  0.00000   0.000  0.000  0.000  0.000  1.000  0.000  0.000  0.000  0.000
        6  0.00000   0.000  0.000  0.000  0.000  0.000  1.000  0.000  0.000  0.000
        7  0.00000   0.000  0.000  0.000  0.000  0.000  0.000  1.000  0.000  0.000
        8  0.00000   0.000  0.000  0.000  0.000  0.000  0.000  0.000  1.000  0.000
        9  0.00000   0.000  0.000  0.000  0.000  0.000  0.000  0.000  0.000  1.000
 ERR MATRIX APPROXIMATE
 **********
 **    8 **SET ERR         0.5
 **********
 **********
 **    9 **SET PRINT           1
 **********
 **********
 **   10 **HESSE        4500
 **********
 MINUIT WARNING IN HESSE
 ============== Second derivative zero for parameter5
  MNHESS FAILS AND WILL RETURN DIAGONAL MATRIX. 
 FCN=-404788 FROM HESSE     STATUS=FAILED         11 CALLS         982 TOTAL
                     EDM=5.46301e-06    STRATEGY= 1  ERROR MATRIX UNCERTAINTY 100.0 per cent
  EXT PARAMETER                APPROXIMATE     INTERNAL      INTERNAL  
  NO.   NAME      VALUE            ERROR       STEP SIZE       VALUE   
   1  alphacmsP    8.00000e+01   2.86558e-02   2.71475e-02   1.57087e+00
                                 WARNING -   - ABOVE PARAMETER IS AT LIMIT.
   2  betacmsP     2.00000e-01   5.91265e-04   4.90280e-02   1.57071e+00
                                 WARNING -   - ABOVE PARAMETER IS AT LIMIT.
   3  cbAlphaDataP   1.61650e+01   3.88096e+01   5.00000e-01  -3.64104e-01
   4  cbMeanDataP  -3.02884e+00   1.51825e-02   2.55314e-03  -8.59030e-01
   5  cbNDataP     8.54550e-01   5.74174e+00   1.59772e-05  -8.41000e-01
   6  cbSigmaDataP   2.05837e+00   1.68155e-02  -2.86128e-05  -1.09721e-01
   7  gammacmsP    1.16774e-01   3.51013e-03   1.71150e-04  -8.73298e-01
   8  nbkgP        4.47902e+03   1.59130e+02  -2.45694e-04  -1.14430e+00
   9  nsigP        5.30040e+04   2.38675e+02   1.55675e-04   6.01154e-02
                               ERR DEF= 0.5
 EXTERNAL ERROR MATRIX.    NDIM=  25    NPAR=  9    ERR DEF=0.5
  4.525e-09  0.000e+00  0.000e+00  0.000e+00  0.000e+00  0.000e+00  0.000e+00  0.000e+00  0.000e+00 
  0.000e+00  8.963e-13  0.000e+00  0.000e+00  0.000e+00  0.000e+00  0.000e+00  0.000e+00  0.000e+00 
  0.000e+00  0.000e+00  1.809e+08  0.000e+00  0.000e+00  0.000e+00  0.000e+00  0.000e+00  0.000e+00 
  0.000e+00  0.000e+00  0.000e+00  2.305e-04  0.000e+00  0.000e+00  0.000e+00  0.000e+00  0.000e+00 
  0.000e+00  0.000e+00  0.000e+00  0.000e+00  1.620e+00  0.000e+00  0.000e+00  0.000e+00  0.000e+00 
  0.000e+00  0.000e+00  0.000e+00  0.000e+00  0.000e+00  2.828e-04  0.000e+00  0.000e+00  0.000e+00 
  0.000e+00  0.000e+00  0.000e+00  0.000e+00  0.000e+00  0.000e+00  1.232e-05  0.000e+00  0.000e+00 
  0.000e+00  0.000e+00  0.000e+00  0.000e+00  0.000e+00  0.000e+00  0.000e+00  2.532e+04  0.000e+00 
  0.000e+00  0.000e+00  0.000e+00  0.000e+00  0.000e+00  0.000e+00  0.000e+00  0.000e+00  5.697e+04 
ERR MATRIX APPROXIMATE
 PARAMETER  CORRELATION COEFFICIENTS  
       NO.  GLOBAL      1      2      3      4      5      6      7      8      9
        1  0.00000   1.000  0.000  0.000  0.000  0.000  0.000  0.000  0.000  0.000
        2  0.00000   0.000  1.000  0.000  0.000  0.000  0.000  0.000  0.000  0.000
        3  0.00000   0.000  0.000  1.000  0.000  0.000  0.000  0.000  0.000  0.000
        4  0.00000   0.000  0.000  0.000  1.000  0.000  0.000  0.000  0.000  0.000
        5  0.00000   0.000  0.000  0.000  0.000  1.000  0.000  0.000  0.000  0.000
        6  0.00000   0.000  0.000  0.000  0.000  0.000  1.000  0.000  0.000  0.000
        7  0.00000   0.000  0.000  0.000  0.000  0.000  0.000  1.000  0.000  0.000
        8  0.00000   0.000  0.000  0.000  0.000  0.000  0.000  0.000  1.000  0.000
        9  0.00000   0.000  0.000  0.000  0.000  0.000  0.000  0.000  0.000  1.000
 ERR MATRIX APPROXIMATE
[#1] INFO:Fitting -- RooAbsPdf::fitTo(dataModelP) Calculating sum-of-weights-squared correction matrix for covariance matrix
 **********
 **   11 **SET ERR         0.5
 **********
 **********
 **   12 **SET PRINT           1
 **********
 **********
 **   13 **HESSE        4500
 **********
 MINUIT WARNING IN HESSE
 ============== Second derivative zero for parameter5
  MNHESS FAILS AND WILL RETURN DIAGONAL MATRIX. 
 FCN=-404788 FROM HESSE     STATUS=FAILED         11 CALLS         993 TOTAL
                     EDM=5.46301e-06    STRATEGY= 1  ERROR MATRIX UNCERTAINTY 100.0 per cent
  EXT PARAMETER                APPROXIMATE     INTERNAL      INTERNAL  
  NO.   NAME      VALUE            ERROR       STEP SIZE       VALUE   
   1  alphacmsP    8.00000e+01   2.86558e-02   2.71475e-02   1.57087e+00
                                 WARNING -   - ABOVE PARAMETER IS AT LIMIT.
   2  betacmsP     2.00000e-01   5.91265e-04   4.90280e-02   1.57071e+00
                                 WARNING -   - ABOVE PARAMETER IS AT LIMIT.
   3  cbAlphaDataP   1.61650e+01   3.88096e+01   5.00000e-01  -3.64104e-01
   4  cbMeanDataP  -3.02884e+00   1.51825e-02   2.55314e-03  -8.59030e-01
   5  cbNDataP     8.54550e-01   5.74174e+00   1.59772e-05  -8.41000e-01
   6  cbSigmaDataP   2.05837e+00   1.68155e-02  -2.86128e-05  -1.09721e-01
   7  gammacmsP    1.16774e-01   3.51013e-03   1.71150e-04  -8.73298e-01
   8  nbkgP        4.47902e+03   1.59130e+02  -2.45694e-04  -1.14430e+00
   9  nsigP        5.30040e+04   2.38675e+02   1.55675e-04   6.01154e-02
                               ERR DEF= 0.5
 EXTERNAL ERROR MATRIX.    NDIM=  25    NPAR=  9    ERR DEF=0.5
  4.525e-09  0.000e+00  0.000e+00  0.000e+00  0.000e+00  0.000e+00  0.000e+00  0.000e+00  0.000e+00 
  0.000e+00  8.963e-13  0.000e+00  0.000e+00  0.000e+00  0.000e+00  0.000e+00  0.000e+00  0.000e+00 
  0.000e+00  0.000e+00  1.809e+08  0.000e+00  0.000e+00  0.000e+00  0.000e+00  0.000e+00  0.000e+00 
  0.000e+00  0.000e+00  0.000e+00  2.305e-04  0.000e+00  0.000e+00  0.000e+00  0.000e+00  0.000e+00 
  0.000e+00  0.000e+00  0.000e+00  0.000e+00  1.620e+00  0.000e+00  0.000e+00  0.000e+00  0.000e+00 
  0.000e+00  0.000e+00  0.000e+00  0.000e+00  0.000e+00  2.828e-04  0.000e+00  0.000e+00  0.000e+00 
  0.000e+00  0.000e+00  0.000e+00  0.000e+00  0.000e+00  0.000e+00  1.232e-05  0.000e+00  0.000e+00 
  0.000e+00  0.000e+00  0.000e+00  0.000e+00  0.000e+00  0.000e+00  0.000e+00  2.532e+04  0.000e+00 
  0.000e+00  0.000e+00  0.000e+00  0.000e+00  0.000e+00  0.000e+00  0.000e+00  0.000e+00  5.697e+04 
ERR MATRIX APPROXIMATE
 PARAMETER  CORRELATION COEFFICIENTS  
       NO.  GLOBAL      1      2      3      4      5      6      7      8      9
        1  0.00000   1.000  0.000  0.000  0.000  0.000  0.000  0.000  0.000  0.000
        2  0.00000   0.000  1.000  0.000  0.000  0.000  0.000  0.000  0.000  0.000
        3  0.00000   0.000  0.000  1.000  0.000  0.000  0.000  0.000  0.000  0.000
        4  0.00000   0.000  0.000  0.000  1.000  0.000  0.000  0.000  0.000  0.000
        5  0.00000   0.000  0.000  0.000  0.000  1.000  0.000  0.000  0.000  0.000
        6  0.00000   0.000  0.000  0.000  0.000  0.000  1.000  0.000  0.000  0.000
        7  0.00000   0.000  0.000  0.000  0.000  0.000  0.000  1.000  0.000  0.000
        8  0.00000   0.000  0.000  0.000  0.000  0.000  0.000  0.000  1.000  0.000
        9  0.00000   0.000  0.000  0.000  0.000  0.000  0.000  0.000  0.000  1.000
 ERR MATRIX APPROXIMATE
[#1] INFO:Minization -- RooMinimizer::optimizeConst: deactivating const optimization
[#1] INFO:Minization -- p.d.f. provides expected number of events, including extended term in likelihood.
[#1] INFO:Eval -- RooRealVar::setRange(massF) new range named 'refrange_fft_BWxCBDataF' created with bounds [60,120]
[#1] INFO:Caching -- RooAbsCachedPdf::getCache(BWxCBDataF) creating new cache 0x7fda601c3dc0 with pdf bwF_CONV_cbDataF_CACHE_Obs[massF] for nset (massF) with code 0
[#1] INFO:NumericIntegration -- RooRealIntegral::init(bgF_Int[massF]) using numeric integrator RooIntegrator1D to calculate Int(massF)
[#1] INFO:Minization -- RooMinimizer::optimizeConst: activating const optimization
[#1] INFO:Caching -- RooAbsCachedPdf::getCache(BWxCBDataF) creating new cache 0x7fda603258b0 with pdf bwF_CONV_cbDataF_CACHE_Obs[massF] for nset (massF) with code 0 from preexisting content.
[#1] INFO:NumericIntegration -- RooRealIntegral::init(bgF_Int[massF]) using numeric integrator RooIntegrator1D to calculate Int(massF)
[#1] INFO:Minization --  The following expressions have been identified as constant and will be precalculated and cached: (bwF)
[#1] INFO:Minization --  The following expressions will be evaluated in cache-and-track mode: (BWxCBDataF,bgF)
 **********
 **   14 **SET PRINT           1
 **********
 **********
 **   15 **SET NOGRAD
 **********
 PARAMETER DEFINITIONS:
    NO.   NAME         VALUE      STEP SIZE      LIMITS
     1 alphacmsF    6.00000e+01  3.00000e+00    5.00000e+01  8.00000e+01
     2 betacmsF     5.00000e-02  1.90000e-02    1.00000e-02  2.00000e-01
     3 cbAlphaDataF   1.00000e+00  4.50000e-01    1.00000e-01  5.00000e+01
     4 cbMeanDataF  -1.00000e+00  8.00000e-01   -4.00000e+00  4.00000e+00
     5 cbNDataF     2.00000e+00  9.00000e-01    2.00000e-01  5.00000e+01
     6 cbSigmaDataF   2.00000e+00  3.50000e-01    5.00000e-01  4.00000e+00
     7 gammacmsF    1.00000e-01  5.00000e-02    0.00000e+00  1.00000e+00
     8 nbkgF        1.00000e+01  5.00000e+00    0.00000e+00  1.00000e+05
     9 nsigF        1.00000e+01  5.00000e+00    0.00000e+00  1.00000e+05
 **********
 **   16 **SET ERR         0.5
 **********
 **********
 **   17 **SET PRINT           1
 **********
 **********
 **   18 **SET STR           1
 **********
 NOW USING STRATEGY  1: TRY TO BALANCE SPEED AGAINST RELIABILITY
 **********
 **   19 **MIGRAD        4500           1
 **********
 FIRST CALL TO USER FUNCTION AT NEW START POINT, WITH IFLAG=4.
 START MIGRAD MINIMIZATION.  STRATEGY  1.  CONVERGENCE WHEN EDM .LT. 1.00e-03
 FCN=1089.47 FROM MIGRAD    STATUS=INITIATE       98 CALLS          99 TOTAL
                     EDM= unknown      STRATEGY= 1      NO ERROR MATRIX       
  EXT PARAMETER               CURRENT GUESS       STEP         FIRST   
  NO.   NAME      VALUE            ERROR          SIZE      DERIVATIVE 
   1  alphacmsF    7.95856e+01   3.00000e+00   0.00000e+00   8.10884e+01
   2  betacmsF     1.54900e-01   1.90000e-02   1.17046e+00  -4.16387e+01
   3  cbAlphaDataF   1.00000e+00   4.50000e-01   0.00000e+00   1.49611e+02
   4  cbMeanDataF  -1.00000e+00   8.00000e-01   0.00000e+00   3.71556e+02
   5  cbNDataF     2.00000e+00   9.00000e-01   0.00000e+00   2.08194e+01
   6  cbSigmaDataF   2.00000e+00   3.50000e-01   0.00000e+00   5.89107e+01
   7  gammacmsF    1.00000e-01   5.00000e-02   0.00000e+00   4.38405e+02
   8  nbkgF        1.00000e+01   5.00000e+00   0.00000e+00  -1.07630e+05
   9  nsigF        1.00000e+01   5.00000e+00   0.00000e+00  -1.17759e+05
                               ERR DEF= 0.5
 MIGRAD MINIMIZATION HAS CONVERGED.
 MIGRAD WILL VERIFY CONVERGENCE AND ERROR MATRIX.
 COVARIANCE MATRIX CALCULATED SUCCESSFULLY
 FCN=-7637.9 FROM MIGRAD    STATUS=CONVERGED    1056 CALLS        1057 TOTAL
                     EDM=4.12713e-05    STRATEGY= 1      ERROR MATRIX ACCURATE 
  EXT PARAMETER                                   STEP         FIRST   
  NO.   NAME      VALUE            ERROR          SIZE      DERIVATIVE 
   1  alphacmsF    8.00000e+01   5.08402e-01   1.58210e-02** at limit **
   2  betacmsF     2.00000e-01   2.96092e-02   4.92120e-02  -1.83343e-03
   3  cbAlphaDataF   8.85762e-01   2.64638e-01   3.78845e-04   2.07832e-01
   4  cbMeanDataF  -2.86520e+00   2.60622e-01   1.98759e-03   8.07974e-02
   5  cbNDataF     1.79574e+00   4.57450e-01   6.90639e-04  -2.26959e-02
   6  cbSigmaDataF   1.31983e+00   2.65999e-01   3.84642e-03  -1.42777e-02
   7  gammacmsF    4.02899e-02   9.83837e-03   1.62330e-03  -1.80333e-01
   8  nbkgF        4.89658e+02   7.02399e+01   2.89827e-04   8.99193e-01
   9  nsigF        1.78444e+03   7.88727e+01   2.09484e-04   2.64749e-01
                               ERR DEF= 0.5
 EXTERNAL ERROR MATRIX.    NDIM=  25    NPAR=  9    ERR DEF=0.5
  2.354e-06  1.762e-11  4.743e-06 -3.839e-06  5.316e-06 -4.291e-06 -1.858e-07 -1.758e-04  1.757e-04 
  1.762e-11  8.675e-09  2.987e-08 -1.279e-07 -2.011e-07 -1.478e-07 -7.757e-09 -4.392e-05  4.389e-05 
  4.743e-06  2.987e-08  7.008e-02 -6.134e-02  1.124e-01 -5.419e-02  9.481e-04  5.788e+00 -5.782e+00 
 -3.839e-06 -1.279e-07 -6.134e-02  6.812e-02 -8.595e-02  5.991e-02 -4.135e-04 -2.260e+00  2.258e+00 
  5.316e-06 -2.011e-07  1.124e-01 -8.595e-02  2.095e-01 -6.361e-02  2.132e-03  1.428e+01 -1.427e+01 
 -4.291e-06 -1.478e-07 -5.419e-02  5.991e-02 -6.361e-02  7.153e-02  7.261e-05  1.873e+00 -1.872e+00 
 -1.858e-07 -7.757e-09  9.481e-04 -4.135e-04  2.132e-03  7.261e-05  9.687e-05  5.674e-01 -5.669e-01 
 -1.758e-04 -4.392e-05  5.788e+00 -2.260e+00  1.428e+01  1.873e+00  5.674e-01  4.934e+03 -4.440e+03 
  1.757e-04  4.389e-05 -5.782e+00  2.258e+00 -1.427e+01 -1.872e+00 -5.669e-01 -4.440e+03  6.221e+03 
 PARAMETER  CORRELATION COEFFICIENTS  
       NO.  GLOBAL      1      2      3      4      5      6      7      8      9
        1  0.03079   1.000  0.000  0.012 -0.010  0.008 -0.010 -0.012 -0.002  0.001
        2  0.01883   0.000  1.000  0.001 -0.005 -0.005 -0.006 -0.008 -0.007  0.006
        3  0.98913   0.012  0.001  1.000 -0.888  0.928 -0.765  0.364  0.311 -0.277
        4  0.93655  -0.010 -0.005 -0.888  1.000 -0.720  0.858 -0.161 -0.123  0.110
        5  0.97560   0.008 -0.005  0.928 -0.720  1.000 -0.520  0.473  0.444 -0.395
        6  0.93567  -0.010 -0.006 -0.765  0.858 -0.520  1.000  0.028  0.100 -0.089
        7  0.84304  -0.012 -0.008  0.364 -0.161  0.473  0.028  1.000  0.821 -0.730
        8  0.87879  -0.002 -0.007  0.311 -0.123  0.444  0.100  0.821  1.000 -0.801
        9  0.81278   0.001  0.006 -0.277  0.110 -0.395 -0.089 -0.730 -0.801  1.000
 **********
 **   20 **SET ERR         0.5
 **********
 **********
 **   21 **SET PRINT           1
 **********
 **********
 **   22 **HESSE        4500
 **********
 COVARIANCE MATRIX CALCULATED SUCCESSFULLY
 FCN=-7637.9 FROM HESSE     STATUS=OK             73 CALLS        1130 TOTAL
                     EDM=4.14376e-05    STRATEGY= 1      ERROR MATRIX ACCURATE 
  EXT PARAMETER                                INTERNAL      INTERNAL  
  NO.   NAME      VALUE            ERROR       STEP SIZE       VALUE   
   1  alphacmsF    8.00000e+01   5.08563e-01   3.16421e-03   1.57040e+00
                                 WARNING -   - ABOVE PARAMETER IS AT LIMIT.
   2  betacmsF     2.00000e-01   2.96153e-02   9.84241e-03   1.56959e+00
   3  cbAlphaDataF   8.85762e-01   2.56030e-01   7.57690e-05  -1.31916e+00
   4  cbMeanDataF  -2.86520e+00   2.55492e-01   3.97519e-04  -7.98486e-01
   5  cbNDataF     1.79574e+00   4.41219e-01   2.76256e-05  -1.93075e+00
   6  cbSigmaDataF   1.31983e+00   2.63520e-01   7.69284e-04  -2.58119e+00
   7  gammacmsF    4.02899e-02   9.73202e-03   3.24659e-04  -1.16660e+00
   8  nbkgF        4.89658e+02   6.95879e+01   5.79654e-05  -1.43073e+00
   9  nsigF        1.78444e+03   7.83293e+01   4.18967e-05  -1.30283e+00
                               ERR DEF= 0.5
 EXTERNAL ERROR MATRIX.    NDIM=  25    NPAR=  9    ERR DEF=0.5
  2.354e-06  4.371e-13  7.169e-07 -5.800e-07  7.812e-07 -6.587e-07 -2.993e-08 -3.186e-05  3.185e-05 
  4.371e-13  8.677e-09  5.327e-09 -2.067e-08 -3.080e-08 -2.372e-08 -1.208e-09 -6.834e-06  6.832e-06 
  7.169e-07  5.327e-09  6.559e-02 -5.788e-02  1.043e-01 -5.168e-02  8.477e-04  5.099e+00 -5.098e+00 
 -5.800e-07 -2.067e-08 -5.788e-02  6.546e-02 -7.969e-02  5.800e-02 -3.363e-04 -1.727e+00  1.726e+00 
  7.812e-07 -3.080e-08  1.043e-01 -7.969e-02  1.948e-01 -5.902e-02  1.951e-03  1.305e+01 -1.305e+01 
 -6.587e-07 -2.372e-08 -5.168e-02  5.800e-02 -5.902e-02  7.019e-02  1.311e-04  2.282e+00 -2.282e+00 
 -2.993e-08 -1.208e-09  8.477e-04 -3.363e-04  1.951e-03  1.311e-04  9.479e-05  5.536e-01 -5.535e-01 
 -3.186e-05 -6.834e-06  5.099e+00 -1.727e+00  1.305e+01  2.282e+00  5.536e-01  4.843e+03 -4.352e+03 
  3.185e-05  6.832e-06 -5.098e+00  1.726e+00 -1.305e+01 -2.282e+00 -5.535e-01 -4.352e+03  6.136e+03 
 PARAMETER  CORRELATION COEFFICIENTS  
       NO.  GLOBAL      1      2      3      4      5      6      7      8      9
        1  0.00485   1.000  0.000  0.002 -0.001  0.001 -0.002 -0.002 -0.000  0.000
        2  0.00298   0.000  1.000  0.000 -0.001 -0.001 -0.001 -0.001 -0.001  0.001
        3  0.98838   0.002  0.000  1.000 -0.883  0.922 -0.762  0.340  0.286 -0.254
        4  0.93388  -0.001 -0.001 -0.883  1.000 -0.706  0.856 -0.135 -0.097  0.086
        5  0.97375   0.001 -0.001  0.922 -0.706  1.000 -0.505  0.454  0.425 -0.377
        6  0.93440  -0.002 -0.001 -0.762  0.856 -0.505  1.000  0.051  0.124 -0.110
        7  0.83926  -0.002 -0.001  0.340 -0.135  0.454  0.051  1.000  0.817 -0.726
        8  0.87635  -0.000 -0.001  0.286 -0.097  0.425  0.124  0.817  1.000 -0.798
        9  0.80987   0.000  0.001 -0.254  0.086 -0.377 -0.110 -0.726 -0.798  1.000
[#1] INFO:Fitting -- RooAbsPdf::fitTo(dataModelF) Calculating sum-of-weights-squared correction matrix for covariance matrix
 **********
 **   23 **SET ERR         0.5
 **********
 **********
 **   24 **SET PRINT           1
 **********
 **********
 **   25 **HESSE        4500
 **********
 COVARIANCE MATRIX CALCULATED SUCCESSFULLY
 FCN=-7637.9 FROM HESSE     STATUS=OK             73 CALLS        1203 TOTAL
                     EDM=4.15435e-05    STRATEGY= 1      ERROR MATRIX ACCURATE 
  EXT PARAMETER                                INTERNAL      INTERNAL  
  NO.   NAME      VALUE            ERROR       STEP SIZE       VALUE   
   1  alphacmsF    8.00000e+01   5.08576e-01   6.32842e-04   1.57040e+00
                                 WARNING -   - ABOVE PARAMETER IS AT LIMIT.
   2  betacmsF     2.00000e-01   2.96157e-02   1.96848e-03   1.56959e+00
   3  cbAlphaDataF   8.85762e-01   2.56491e-01   1.51538e-05  -1.31916e+00
   4  cbMeanDataF  -2.86520e+00   2.55945e-01   7.95038e-05  -7.98486e-01
   5  cbNDataF     1.79574e+00   4.41678e-01   5.52511e-06  -1.93075e+00
   6  cbSigmaDataF   1.31983e+00   2.63989e-01   1.53857e-04  -2.58119e+00
   7  gammacmsF    4.02899e-02   9.72700e-03   6.49319e-05  -1.16660e+00
   8  nbkgF        4.89658e+02   6.95521e+01   1.15931e-05  -1.43073e+00
   9  nsigF        1.78444e+03   7.83046e+01   8.37935e-06  -1.30283e+00
                               ERR DEF= 0.5
 EXTERNAL ERROR MATRIX.    NDIM=  25    NPAR=  9    ERR DEF=0.5
  2.355e-06 -1.724e-14 -4.714e-08  3.832e-08 -5.228e-08  4.317e-08  1.879e-09  1.940e-06 -1.949e-06 
 -1.724e-14  8.677e-09 -2.144e-10  1.167e-09  2.059e-09  1.376e-09  7.503e-11  4.271e-07 -4.270e-07 
 -4.714e-08 -2.144e-10  6.582e-02 -5.813e-02  1.046e-01 -5.195e-02  8.465e-04  5.084e+00 -5.084e+00 
  3.832e-08  1.167e-09 -5.813e-02  6.569e-02 -8.005e-02  5.825e-02 -3.365e-04 -1.723e+00  1.723e+00 
 -5.228e-08  2.059e-09  1.046e-01 -8.005e-02  1.952e-01 -5.947e-02  1.948e-03  1.301e+01 -1.301e+01 
  4.317e-08  1.376e-09 -5.195e-02  5.825e-02 -5.947e-02  7.044e-02  1.296e-04  2.277e+00 -2.277e+00 
  1.879e-09  7.503e-11  8.465e-04 -3.365e-04  1.948e-03  1.296e-04  9.469e-05  5.529e-01 -5.529e-01 
  1.940e-06  4.271e-07  5.084e+00 -1.723e+00  1.301e+01  2.277e+00  5.529e-01  4.838e+03 -4.348e+03 
 -1.949e-06 -4.270e-07 -5.084e+00  1.723e+00 -1.301e+01 -2.277e+00 -5.529e-01 -4.348e+03  6.132e+03 
 PARAMETER  CORRELATION COEFFICIENTS  
       NO.  GLOBAL      1      2      3      4      5      6      7      8      9
        1  0.00031   1.000 -0.000 -0.000  0.000 -0.000  0.000  0.000  0.000 -0.000
        2  0.00018  -0.000  1.000 -0.000  0.000  0.000  0.000  0.000  0.000 -0.000
        3  0.98843  -0.000 -0.000  1.000 -0.884  0.923 -0.763  0.339  0.285 -0.253
        4  0.93413   0.000  0.000 -0.884  1.000 -0.707  0.856 -0.135 -0.097  0.086
        5  0.97380  -0.000  0.000  0.923 -0.707  1.000 -0.507  0.453  0.423 -0.376
        6  0.93465   0.000  0.000 -0.763  0.856 -0.507  1.000  0.050  0.123 -0.110
        7  0.83908   0.000  0.000  0.339 -0.135  0.453  0.050  1.000  0.817 -0.726
        8  0.87621   0.000  0.000  0.285 -0.097  0.423  0.123  0.817  1.000 -0.798
        9  0.80974  -0.000 -0.000 -0.253  0.086 -0.376 -0.110 -0.726 -0.798  1.000
[#1] INFO:Minization -- RooMinimizer::optimizeConst: deactivating const optimization
[#1] INFO:Caching -- RooAbsCachedPdf::getCache(BWxCBDataP) creating new cache 0x7fda5ddcbff0 with pdf bwP_CONV_cbDataP_CACHE_Obs[massP] for nset (massP) with code 0
[#1] INFO:NumericIntegration -- RooRealIntegral::init(bgP_Int[massP]) using numeric integrator RooIntegrator1D to calculate Int(massP)
[#1] INFO:Plotting -- RooAbsPdf::plotOn(dataModelP) directly selected PDF components: (BWxCBDataP)
[#1] INFO:Plotting -- RooAbsPdf::plotOn(dataModelP) indirectly selected PDF components: (bwP,cbDataP)
[#1] INFO:Caching -- RooAbsCachedPdf::getCache(BWxCBDataP) creating new cache 0x7fda5ddd4370 with pdf bwP_CONV_cbDataP_CACHE_Obs[massP] for nset (massP) with code 0 from preexisting content.
[#1] INFO:NumericIntegration -- RooRealIntegral::init(bgP_Int[massP]) using numeric integrator RooIntegrator1D to calculate Int(massP)
[#1] INFO:Plotting -- RooAbsPdf::plotOn(dataModelP) directly selected PDF components: (bgP)
[#1] INFO:Plotting -- RooAbsPdf::plotOn(dataModelP) indirectly selected PDF components: ()
[#1] INFO:Caching -- RooAbsCachedPdf::getCache(BWxCBDataP) creating new cache 0x7fda5ddd5760 with pdf bwP_CONV_cbDataP_CACHE_Obs[massP] for nset (massP) with code 0 from preexisting content.
[#1] INFO:NumericIntegration -- RooRealIntegral::init(bgP_Int[massP]) using numeric integrator RooIntegrator1D to calculate Int(massP)
[#1] INFO:Caching -- RooAbsCachedPdf::getCache(BWxCBDataF) creating new cache 0x7fda5ddda940 with pdf bwF_CONV_cbDataF_CACHE_Obs[massF] for nset (massF) with code 0
[#1] INFO:NumericIntegration -- RooRealIntegral::init(bgF_Int[massF]) using numeric integrator RooIntegrator1D to calculate Int(massF)
[#1] INFO:Plotting -- RooAbsPdf::plotOn(dataModelF) directly selected PDF components: (BWxCBDataF)
[#1] INFO:Plotting -- RooAbsPdf::plotOn(dataModelF) indirectly selected PDF components: (bwF,cbDataF)
[#1] INFO:Caching -- RooAbsCachedPdf::getCache(BWxCBDataF) creating new cache 0x7fda5ddd5670 with pdf bwF_CONV_cbDataF_CACHE_Obs[massF] for nset (massF) with code 0 from preexisting content.
[#1] INFO:NumericIntegration -- RooRealIntegral::init(bgF_Int[massF]) using numeric integrator RooIntegrator1D to calculate Int(massF)
[#1] INFO:Plotting -- RooAbsPdf::plotOn(dataModelF) directly selected PDF components: (bgF)
[#1] INFO:Plotting -- RooAbsPdf::plotOn(dataModelF) indirectly selected PDF components: ()
[#1] INFO:Caching -- RooAbsCachedPdf::getCache(BWxCBDataF) creating new cache 0x7fda601c0d00 with pdf bwF_CONV_cbDataF_CACHE_Obs[massF] for nset (massF) with code 0 from preexisting content.
[#1] INFO:NumericIntegration -- RooRealIntegral::init(bgF_Int[massF]) using numeric integrator RooIntegrator1D to calculate Int(massF)
[#0] ERROR:InputArguments -- RooPlot::findObject(passing) cannot find object dataModelP
[#0] ERROR:InputArguments -- RooPlot::chiSquare(passing) cannot find curve
[#0] ERROR:InputArguments -- RooPlot::findObject(passing) cannot find object dataModelF
[#0] ERROR:InputArguments -- RooPlot::chiSquare(passing) cannot find curve
Chi Square=:-1
Chi Square=:-1
[#1] INFO:Eval -- RooRealVar::setRange(massP) new range named 'signal' created with bounds [81,101]
[#1] INFO:Caching -- RooAbsCachedPdf::getCache(BWxCBDataP) creating new cache 0x7fda602d8f70 with pdf bwP_CONV_cbDataP_CACHE_Obs[massP] for nset (massP) with code 0 from preexisting content.
[#1] INFO:NumericIntegration -- RooRealIntegral::init(BWxCBDataP_Int[massP|signal]_Norm[massP]) using numeric integrator RooIntegrator1D to calculate Int(massP)
[#1] INFO:NumericIntegration -- RooRealIntegral::init(bgP_Int[massP]) using numeric integrator RooIntegrator1D to calculate Int(massP)
[#1] INFO:NumericIntegration -- RooRealIntegral::init(bgP_Int[massP|background]_Norm[massP]) using numeric integrator RooIntegrator1D to calculate Int(massP)
Pass Signal = 49279.2
Pass BKGD = 4479.02
[#1] INFO:Eval -- RooRealVar::setRange(massF) new range named 'signal' created with bounds [81,101]
[#1] INFO:Caching -- RooAbsCachedPdf::getCache(BWxCBDataF) creating new cache 0x7fda602b7fa0 with pdf bwF_CONV_cbDataF_CACHE_Obs[massF] for nset (massF) with code 0 from preexisting content.
[#1] INFO:NumericIntegration -- RooRealIntegral::init(BWxCBDataF_Int[massF|signal]_Norm[massF]) using numeric integrator RooIntegrator1D to calculate Int(massF)
[#1] INFO:NumericIntegration -- RooRealIntegral::init(bgF_Int[massF]) using numeric integrator RooIntegrator1D to calculate Int(massF)
[#1] INFO:NumericIntegration -- RooRealIntegral::init(bgF_Int[massF|background]_Norm[massF]) using numeric integrator RooIntegrator1D to calculate Int(massF)
Fail Signal = 1463.64
Fail BKGD = 489.658
Info in <TCanvas::Print>: png file pass_fail.png has been created
